Hip 23429
12.95
12.42
12.19
12.31
12.74
12.64
12.23
12.38
12.47
12.24
12.41
12.45
12.86
12.53
12.62
12.59
12.45
12.26
12.24
12.66
12.42
12.37
12.43
12.6
12.57
12.56
12.72
12.48
12.91
12.12
12.14
12.22
12.15
12.23
12.55
12.1
12.5
12.37
12.63
12.89
12.89
12.22
12.75
12.22
12.75
12.58
12.57
12.28
12.53
12.72
12.65
12.12
12.67
12.2
12.71
12.67
12.94
12.55
12.7
12.28
12.87
12.71
12.42
12.44
12.19
12.29
12.4
12.73
12.93
12.62
12.18
12.17
12.58
12.3
12.73
12.29
12.58
12.31
12.81
12.94
12.94
12.54
12.91
12.29
12.43
12.12
12.5
12.9
12.48
12.84
12.12
12.9
12.63
12.45
12.11
12.27
12.75
12.4
12.13
12.55
12.28
12.8
12.3
12.86
12.63
12.57
12.49
12.46
12.43
12.51
12.18
12.73
12.7
12.71
12.29
12.43
12.75
12.23
12.11
12.17
12.74
12.45
12.34
12.19
12.59
12.24
12.5
12.23
12.29
12.55
12.5
12.27
12.28
12.35
12.76
12.24
12.33
12.14
12.62
12.81
12.58
12.13
12.57
12.92
12.75
12.35
12.3
12.87
12.25
12.63
12.48
12.62
12.39
12.91
12.76
12.78
12.55
12.21
12.37
12.48
12.17
12.35
12.27
12.83
12.11
12.87
12.55
12.45
12.91
12.14
12.2
12.71
12.56
12.25
12.54
12.71
12.84
12.38
12.39
12.34
12.9
12.59
12.93
12.61
12.17
12.83
12.84
12.32
12.54
12.93
12.64
12.21
12.73
12.23
12.74
12.32
12.82
12.69
12.91
12.84
12.76
12.8
12.91
12.2
12.53
12.72
12.16
12.23
12.47
12.15
12.9
12.27
12.77
12.13
12.54
12.54
12.37
12.61
12.76
12.23
12.12
12.32
12.86
12.94
12.46
12.94
12.94
12.42
12.47
12.31
12.84
12.24
12.42
12.51
12.53
12.19
12.63
12.83
12.18
12.4
12.77
12.7
12.81
12.48
12.13
12.47
12.39
12.69
12.64
12.3
12.9
12.3
12.89
12.77
12.81
12.53
12.9
12.93
12.7
12.54
12.74
12.69
12.71
12.25
12.26
12.75
12.8
12.36
12.55
12.45
12.86
12.5
12.53
12.45
12.41
12.37
12.47
12.48
12.91
12.95
12.65
12.34
12.73
12.27
12.36
12.64
12.31
12.61
12.66
12.1
12.24
12.65
12.22
12.59
12.61
12.18
12.94
12.65
12.31
12.33
12.62
12.13
12.24
12.29
12.39
12.5
12.72
12.54
12.45
12.53
12.15
12.52
12.12
12.71
12.85
12.5
12.91
12.54
12.84
12.58
12.54
12.29
12.65
12.55
12.3
12.31
12.38
12.9
12.79
12.33
12.38
12.77
12.26
12.67
12.43
12.61
12.19
12.54
12.84
12.82
12.87
12.72
12.25
12.23
12.9
12.68
12.63
12.47
12.69
12.21
12.22
12.5
12.77
12.69
12.75
12.42
12.43
12.65
12.94
12.18
12.22
12.78
12.7
12.22
12.24
12.34
12.35
12.4
12.38
12.34
12.4
12.47
12.66
12.11
12.66
12.77
12.14
12.52
12.61
12.58
12.64
12.86
12.31
12.68
12.2
12.84
12.1
12.53
12.88
12.1
12.27
12.5
12.56
12.75
12.7
12.19
12.12
12.12
12.94
12.66
12.43
12.32
12.19
12.44
12.76
12.71
12.8
12.75
12.12
12.93
12.38
12.87
12.14
12.46
12.5
12.31
12.57
12.11
12.11
12.35
12.33
12.78
12.48
12.37
12.16
12.86
12.86
12.86
12.37
12.57
12.75
12.11
12.53
12.9
12.24
12.41
12.77
12.82
12.88
12.45
12.14
12.31
12.5
12.91
12.68
12.35
12.46
12.2
12.35
12.48
12.58
12.1
12.11
12.68
12.42
12.61
12.79
12.77
12.37
12.86
12.8
12.89
12.48
12.51
12.28
12.36
12.43
12.19
12.31
12.18
12.5
12.7
12.19
12.61
12.31
12.12
12.37
12.53
12.65
12.77
12.49
12.76
12.6
12.84
12.94
12.74
12.95
12.8
12.58
12.59
12.57
12.95
12.54
12.11
12.6
12.21
12.78
12.95
12.72
12.41
12.87
12.37
12.84
12.27
12.94
12.83
12.87
12.45
12.47
12.4
12.34
12.36
12.22
12.56
12.46
12.14
12.38
12.6
12.52
12.5
12.37
12.59
12.57
12.68
12.56
12.5
12.25
12.17
12.11
12.2
12.29
12.37
12.76
12.33
12.85
12.22
12.87
12.43
12.85
12.21
12.82
12.6
12.43
12.27
12.34
12.31
12.83
12.93
12.61
12.55
12.78
12.28
12.53
12.32
12.14
12.38
12.76
12.26
12.67
12.53
12.67
12.79
12.44
12.36
12.2
12.92
12.55
12.84
12.67
12.34
12.22
12.91
12.7
12.41
12.63
12.73
12.25
12.39
12.43
12.34
12.63
12.27
12.52
12.51
12.38
12.11
12.8
12.54
12.29
12.56
12.42
12.71
12.71
12.42
12.49
12.13
12.25
12.16
12.16
12.37
12.71
12.95
12.36
12.36
12.43
12.82
12.53
12.22
12.64
12.37
12.23
12.46
12.78
12.42
12.86
12.5
12.37
12.88
12.94
12.19
12.22
12.11
12.64
12.21
12.88
12.46
12.29
12.38
12.88
12.6
12.57
12.18
12.33
12.15
12.59
12.64
12.87
12.25
12.18
12.51
12.53
12.67
12.85
12.88
12.43
12.92
12.89
12.39
12.51
12.95
12.71
12.32
12.17
12.92
12.25
12.69
12.4
12.25
12.44
12.92
12.63
12.25
12.29
12.14
12.76
12.14
12.23
12.72
12.78
