XS Dra
7.94
7.92
7.93
7.91
7.93
7.94
7.95
7.97
7.98
7.99
7.98
7.97
7.9
7.98
7.97
8
7.96
7.91
7.92
7.92
7.98
7.97
7.98
7.9
7.96
8
7.96
7.91
7.94
7.91
7.94
8
8
7.98
7.91
7.96
7.93
7.93
7.98
7.96
7.96
7.97
7.94
7.92
7.92
7.98
7.97
7.95
8
7.91
7.97
7.92
7.9
8
7.93
7.97
7.95
7.93
7.95
7.93
7.99
7.93
7.93
7.96
7.94
7.98
7.98
7.92
7.97
7.91
7.96
7.92
7.93
7.96
7.97
7.91
7.93
7.95
7.99
7.99
7.93
7.91
7.92
7.93
7.95
7.92
7.99
8
7.95
7.95
7.91
7.9
7.99
7.95
7.98
7.92
7.94
7.99
7.99
7.94
8
7.94
7.99
7.98
7.95
7.94
7.99
7.94
7.92
7.91
7.94
8
7.95
7.96
7.9
7.98
7.91
8
7.9
7.91
8
7.98
7.97
7.92
7.9
7.96
7.94
7.99
7.99
7.95
7.97
7.94
7.97
7.94
8
7.99
7.92
7.94
7.98
7.91
7.94
7.95
7.97
7.93
7.9
7.92
7.96
7.92
7.94
8
