OV Boo
15.02
15.02
15.14
15.14
14.88
15.03
14.93
14.93
15.11
14.98
14.87
14.8
14.96
15
15
15.04
14.87
14.9
15.01
14.83
15.19
15.07
15.06
14.8
14.94
14.98
14.85
14.83
15.01
14.94
14.81
15.04
15.05
15.07
14.8
14.89
15.12
15.03
14.98
14.97
15.2
15.18
14.84
14.97
15.08
14.83
14.96
14.81
15.07
14.82
14.99
15.12
14.87
14.93
15.2
15.15
15.16
15.13
14.99
15.1
14.97
14.9
15.12
14.96
14.97
15.03
14.95
15.09
14.99
14.91
15.13
15.05
15.13
14.84
14.84
14.81
15.03
14.89
14.92
14.91
14.81
14.84
14.96
14.98
15.16
14.89
14.97
14.92
15.08
14.86
14.93
15.19
14.83
15.08
15.2
15.09
14.85
15.09
15.2
14.84
15.08
15.07
15.02
14.95
14.9
15.15
15.19
14.82
14.89
15.18
14.92
15.06
15.01
14.88
15.08
14.93
15.15
14.94
15.01
14.87
14.86
14.83
14.81
14.93
15.19
15.15
15.01
14.84
14.84
14.95
15.16
15.14
14.89
14.87
15.04
14.94
15.02
14.8
14.88
14.81
14.91
14.95
14.82
15.1
15.14
15.07
14.98
15.16
15.2
15.07
15.15
15.12
14.88
15.13
15.19
15.04
15.06
14.89
14.97
14.95
14.93
15.14
15.18
15.15
14.81
14.98
14.96
14.93
15.05
14.93
15.11
15.14
14.86
14.99
15.17
15.11
14.81
14.92
14.99
14.91
14.97
15.05
14.84
14.97
15
14.84
15.06
14.97
14.89
15.2
15.09
14.92
15.04
15.13
15.08
14.97
14.97
14.88
15.08
14.95
14.9
14.84
14.91
15.07
15.16
14.81
15.05
15.09
15.16
14.87
15.03
14.93
15.1
14.85
15.19
15.08
15.09
15
14.94
15.17
15.13
15.19
14.83
15.05
15.05
14.99
14.89
14.93
15.12
15
14.94
15.13
15.04
14.84
14.8
14.92
14.94
14.98
15.02
14.99
14.99
15.17
15.02
14.81
14.96
14.95
15.03
14.99
15.14
15.2
15.08
15.17
15.15
15.11
15.02
14.92
14.8
15.06
14.81
14.97
15.12
14.92
15.18
14.96
15.13
15.1
15.1
15.06
14.84
15.07
14.94
14.91
15.19
15.15
14.97
15.17
14.97
14.82
14.88
14.89
15.16
15.11
14.99
15.12
15.13
14.98
15.19
15.13
15.02
15.09
14.91
15.08
14.97
14.84
15.07
14.87
15.2
14.86
14.88
15.07
15.06
15.17
14.94
14.87
15.06
14.97
15.18
15.2
14.93
15.06
15.15
15.19
14.98
15.13
15.01
14.81
15.13
14.85
15.03
14.95
15.11
15.17
14.83
14.96
14.95
15.07
15.14
15.14
14.87
14.9
15.17
14.91
15.14
15.02
15.03
15.19
14.97
14.91
14.86
14.95
15
15.2
14.99
15.17
15.15
14.92
14.9
15.04
15.03
15.06
14.95
15.14
15.03
15.14
15.16
15.09
15.14
15.19
15.13
15.19
15.03
14.83
15.12
14.83
15.09
15.04
14.85
15.16
14.89
15.02
15.04
15.01
15.2
14.88
15.16
15.12
14.98
14.87
15.01
14.83
14.97
14.9
14.91
15.02
15.16
14.83
15.09
15.2
15.06
15.15
14.85
14.99
14.99
14.87
15.13
14.96
14.87
14.95
14.87
14.91
14.86
14.94
14.94
14.8
14.81
15.14
15.15
14.95
15.18
14.83
14.91
15.06
14.97
15.1
15.02
14.92
15.13
14.9
14.88
15.06
15.16
14.85
14.89
14.95
14.97
14.85
14.81
15.12
14.95
15
15.05
14.82
14.8
14.9
15.17
14.83
15.17
14.9
15
14.81
14.88
14.93
14.82
15.02
15.04
15
14.81
15.1
15.06
15.01
15.03
15.18
14.87
15.02
14.96
14.81
14.84
15.19
15.04
15.17
15.12
14.82
15.2
14.98
14.99
14.88
15.06
14.86
15.13
14.98
14.96
15.03
15.11
14.86
14.97
15.02
14.83
15.08
15.12
15.17
14.83
14.91
14.85
15.15
15.17
15.07
15.15
14.98
15.15
15.16
15.19
15.18
15.06
15.04
14.89
14.85
14.94
15.04
14.83
14.95
15.14
15.16
15.17
14.87
14.84
14.8
14.87
14.8
14.85
15.14
15.18
14.97
14.87
15.07
15.13
15.01
15.17
14.85
15.02
15.12
14.93
14.87
14.91
15.18
15
14.99
15.18
14.86
15.17
14.91
14.87
15
15.04
14.97
14.82
14.88
14.95
15.19
15.1
15.17
15
15.14
14.93
14.8
15.18
15.02
15.1
15.19
15.11
15.09
14.89
14.88
14.82
14.91
14.81
15.07
15.04
15.2
15.08
15.05
14.82
14.8
14.84
15.15
15.06
14.97
15.13
15.11
15.04
15.04
14.86
15.19
14.95
15.05
14.92
14.99
15.15
14.91
14.8
15.18
15.1
15.19
14.96
14.88
14.82
15.2
14.98
14.93
14.95
14.96
15.05
14.96
14.9
14.85
15.14
15
15.1
14.99
14.94
15
15.1
15.2
14.95
14.86
15.03
14.9
15.14
14.97
15.2
15.02
15.12
14.93
15.19
15.11
15.16
14.84
15.05
15.16
15.12
15.07
15.2
14.99
14.95
14.87
15.2
15.11
15.08
14.9
15.12
15.12
15.1
14.96
15.17
15
14.88
15.11
15.04
14.89
15.05
15.12
14.85
14.8
14.94
15.13
15.05
14.91
14.97
15
14.89
15.09
15.16
15.15
15.07
15.08
15.01
14.9
15.04
14.87
14.87
15.13
15.03
15.03
15.06
14.87
15.13
14.95
14.97
14.99
15.02
14.85
15.01
14.95
14.91
14.8
15.01
15.19
14.85
15.03
15.03
15.08
14.93
14.87
14.8
14.82
15.17
15.16
15.1
14.89
15.2
15.18
14.86
14.97
14.81
15.12
14.89
15.03
14.95
14.87
14.8
14.89
15.15
15.18
15.19
14.83
14.88
15
15.03
15.06
14.86
15.02
14.85
14.8
15.04
14.99
14.99
14.95
15.02
15.03
14.91
15.18
15.06
14.87
15
15.04
15.19
14.84
14.94
14.99
15.11
15.19
15.03
15.18
15.03
14.94
15.14
14.96
14.89
15.18
15.15
14.96
14.92
14.83
14.83
14.97
15.13
14.86
15.13
15.03
14.92
15.15
14.8
15.13
15.17
14.82
15.04
15.08
14.98
14.94
14.85
14.83
14.86
14.84
15.15
14.87
15.19
14.87
14.98
14.9
15.06
14.83
14.85
15.05
15.09
15.15
15.06
15.02
14.84
14.82
15.12
15.13
14.91
15.11
14.86
15.17
15.19
15.11
14.81
15
15.11
14.86
15.19
15.16
15.12
15.11
14.9
14.88
14.88
15.16
14.98
15.05
15.08
15.03
15.18
14.89
15.09
14.95
14.83
14.81
14.97
14.81
15.03
14.95
15.02
14.92
15.13
14.95
15.18
15.19
14.88
14.88
14.85
15.19
15
15
14.85
14.9
15.13
15.18
15.05
14.97
14.93
14.88
15.05
14.86
14.85
15.09
15.14
15.18
14.87
15.04
15.07
14.8
14.82
15.09
15.03
15.03
14.93
15
15.19
15.15
14.9
14.9
15.08
14.9
14.99
15.09
14.83
14.97
14.83
14.99
15.02
14.86
14.97
15.2
15.08
14.94
15.11
14.95
14.87
14.84
15.01
14.8
15.11
15.05
15.01
14.85
15.16
15.11
15.17
15.02
15.17
14.93
15.2
15.1
14.87
14.83
15.01
14.94
15.08
14.96
15.05
14.96
15.14
15.09
14.82
15.01
15.03
14.83
14.81
14.89
